00011000 00001111
00011000 10001111
00011001 00001111
00011001 10001010
00111000 00001100
00111000 10011100
01011000 10010100
00111001 00101100
01011001 00101000
00111001 10111100
01011001 10111100
10010010 00000010
10010010 01000100
10010010 01000110
00011000 00001001
00011000 10001010
00011001 00001011
00011001 10001100
00111000 00001100
00111000 10011100
01011000 10010100
00111001 00101100
01011001 00101000
00111001 10111100
01011001 10111100
10010010 10000010
10010010 11010100
10010010 11010110
10110000 00001000
10110000 10001010
10000011 01000010
10000011 10001010
10010000 01101110
